172,91037	223,72807
173,02078	213,73498
173,13121	172,85352
173,24167	127,48435
173,35215	87,95915
173,46267	59,94237
173,57321	44,5854
173,68378	36,23717
173,79438	33,61972
173,90501	32,57076
174,01567	30,94253
174,12635	29,91969
174,23706	29,13918
174,34781	30,19417
174,45858	29,761
174,56937	26,29325
174,6802	21,12265
174,79105	16,30933
174,90193	13,39756
175,01284	12,07445
175,12378	11,66541
175,23475	13,29348
175,34575	16,44161
175,45677	17,62091
175,56782	14,81238
175,6789	11,27916
175,79001	9,56463
175,90114	8,64693
176,01231	8,59519
176,1235	9,44291
176,23472	9,70602
176,34597	10,10178
176,45725	11,29086
176,56855	12,62711
176,67989	13,72283
176,79125	14,3331
176,90264	14,56313
177,01406	14,62469
177,1255	14,8101
177,23698	16,06818
177,34848	19,80095
177,46001	25,60464
177,57157	30,22665
177,68316	30,30773
177,79478	27,1787
177,90642	22,65996
178,01809	18,55812
178,12979	16,37446
178,24152	16,46431
178,35328	18,86658
178,46507	23,56948
178,57688	26,78869
178,68872	25,59729
178,80059	21,70785
178,91249	18,34921
179,02442	15,87364
179,13637	15,20597
179,24835	15,55065
179,36036	15,19049
179,4724	13,74998
179,58447	12,60749
179,69657	14,2652
179,80869	17,21486
179,92084	21,05881
180,03302	25,45414
180,14523	27,96048
180,25747	26,19816
180,36973	21,93862
180,48203	18,82457
180,59435	17,99551
180,7067	18,27261
180,81908	20,2635
180,93148	24,09332
181,04392	28,07358
181,15638	29,85915
181,26887	28,92599
181,38139	26,8389
181,49394	24,92134
181,60651	24,9
181,71912	26,25884
181,83175	27,0151
181,94441	26,37629
182,0571	24,34931
182,16981	22,02717
182,28256	20,16095
182,39533	19,73494
182,50813	21,22077
182,62096	23,13725
182,73382	23,26734
182,84671	21,66052
182,95962	19,72593
183,07256	18,79686
183,18554	18,72657
183,29853	19,44288
183,41156	20,29847
183,52462	27,10226
183,6377	51,94322
183,75081	92,79349
183,86395	131,94591
183,97712	145,26378
184,09032	127,38861
184,20354	94,34062
184,3168	64,77479
184,43008	41,51787
184,54339	29,06475
184,65672	22,37547
184,77009	18,87781
184,88348	18,74274
184,99691	18,40103
185,11036	18,69109
185,22384	20,01302
185,33734	25,97521
185,45088	39,69986
185,56444	54,0304
185,67803	59,08875
185,79165	60,40699
185,9053	65,10504
186,01898	67,40171
186,13268	58,7381
186,24641	45,43127
186,36018	34,41561
186,47396	28,39725
186,58778	27,20895
186,70163	28,02708
186,8155	27,65469
186,9294	23,7179
187,04333	19,31928
187,15729	14,82951
187,27128	11,2959
187,38529	9,09209
187,49934	8,00593
187,61341	7,95193
187,72751	8,65652
187,84164	10,78584
187,95579	13,9438
188,06998	17,30372
188,18419	19,22164
188,29843	19,33067
188,4127	18,47747
188,527	17,01872
188,64132	15,5321
188,75568	13,41081
188,87006	11,22975
188,98447	9,21782
189,09891	8,04499
189,21337	8,06264
189,32787	8,21119
189,44239	8,50556
189,55694	8,57982
189,67152	8,69891
189,78613	8,52522
189,90077	9,25742
190,01543	11,01376
190,13012	12,55496
190,24484	12,72692
190,35959	12,47394
190,47437	12,29162
190,58917	12,55323
190,70401	13,05328
190,81887	13,4275
190,93376	13,64563
191,04868	14,47767
191,16362	17,7457
191,2786	25,59395
191,3936	34,98032
191,50863	41,85179
191,62369	42,96326
191,73878	42,33078
191,8539	45,56254
191,96904	51,15009
192,08421	50,579
192,19941	45,60946
192,31464	45,53492
192,4299	66,62196
192,54518	112,89188
192,6605	158,347
192,77584	171,39233
192,89121	152,88673
193,00661	120,80009
193,12203	87,42932
193,23749	61,23423
193,35297	43,72305
193,46848	34,02597
193,58402	27,17633
193,69959	23,32023
193,81518	20,13148
193,93081	17,61313
194,04646	17,92539
194,16214	21,19272
194,27785	32,30193
194,39358	47,73071
194,50935	54,64013
194,62514	49,16874
194,74096	41,06996
194,85681	34,85431
194,97269	29,67877
195,0886	27,28717
195,20453	26,92021
195,32049	25,92633
195,43648	26,07791
195,5525	30,63238
195,66855	39,48764
195,78463	48,24026
195,90073	53,09862
196,01686	54,37456
196,13302	54,77321
196,24921	53,12305
196,36543	47,64796
196,48167	39,84573
196,59794	34,11379
196,71424	32,22776
196,83057	31,66314
196,94693	30,40678
197,06332	27,87115
197,17973	25,68357
197,29617	24,20368
197,41264	23,19979
197,52914	22,82268
197,64567	23,42555
197,76223	26,20996
197,87881	29,08493
197,99542	28,0425
198,11206	25,47348
198,22873	22,48262
198,34543	19,87128
198,46215	18,38465
198,5789	18,20828
198,69568	18,84872
198,81249	19,91134
198,92933	20,47516
199,0462	23,34994
199,16309	27,4448
199,28001	30,28994
199,39696	30,11873
199,51394	28,17004
199,63095	26,08409
199,74798	24,7572
199,86505	22,63876
199,98214	20,67921
200,09926	19,35764
200,2164	18,72848
200,33358	18,51216
200,45079	20,06978
200,56802	24,91854
200,68528	31,10251
200,80257	38,4001
200,91989	42,65709
201,03723	41,8101
201,1546	36,52869
201,27201	30,44166
201,38944	25,29879
201,50689	21,69549
201,62438	20,95381
201,7419	24,3407
201,85944	42,20712
201,97701	83,39613
202,09461	131,34705
202,21224	154,34267
202,32989	140,38977
202,44758	105,96449
202,56529	76,47181
202,68303	59,22522
202,8008	50,39085
202,9186	45,44191
203,03642	37,1818
203,15428	30,29304
203,27216	25,9681
203,39007	31,1131
203,50801	59,30471
203,62597	109,05
203,74397	146,59317
203,86199	143,9122
203,98004	112,90971
204,09812	81,53267
204,21623	56,61964
204,33436	41,40944
204,45253	32,63394
204,57072	29,62758
204,68894	28,62605
204,80719	29,94632
204,92547	32,69147
205,04377	32,10399
205,1621	28,00375
205,28047	25,78994
205,39886	26,45168
205,51727	26,13207
205,63572	24,59377
205,75419	23,3799
205,8727	22,85334
205,99123	22,52331
206,10979	22,39101
206,22837	22,91577
206,34699	23,70688
206,46563	23,72582
206,58431	23,17573
206,70301	21,42975
206,82173	22,98299
206,94049	32,08362
207,05928	42,99282
207,17809	45,92137
207,29693	42,19825
207,4158	43,44949
207,5347	59,79815
207,65362	77,65897
207,77258	78,51293
207,89156	63,91615
208,01057	49,13463
208,12961	38,98262
208,24868	30,94457
208,36777	24,87094
208,4869	20,70235
208,60605	18,74572
208,72523	17,81767
208,84444	19,40753
208,96367	31,85575
209,08294	53,36915
209,20223	69,12927
209,32155	68,69066
209,4409	61,01584
209,56028	50,45433
209,67968	39,296
209,79912	29,24801
209,91858	21,84318
210,03807	18,36923
210,15759	17,50127
210,27714	16,57037
210,39671	15,72231
210,51632	14,73991
210,63595	13,6645
210,75561	12,95382
210,8753	12,48002
210,99501	12,6995
211,11476	13,14489
211,23453	14,17412
211,35433	14,69666
211,47416	15,27661
211,59402	15,55269
211,7139	15,63922
211,83382	16,4927
211,95376	18,22917
212,07373	20,33656
212,19373	23,76676
212,31375	27,91558
212,43381	32,32083
212,55389	36,98071
212,674	43,50061
212,79414	49,13655
212,91431	48,73249
213,03451	43,27303
213,15473	38,24041
213,27498	38,44733
213,39527	39,55146
213,51557	38,92584
213,63591	38,39482
213,75628	42,70362
213,87667	52,45614
213,99709	60,08123
214,11754	57,80477
214,23802	49,17922
214,35853	38,82752
214,47906	30,03607
214,59963	25,59218
214,72022	34,60372
214,84084	69,86452
214,96148	115,6507
215,08216	142,06592
215,20286	133,5656
215,3236	103,5061
215,44436	74,33832
215,56515	54,05145
215,68596	49,01618
215,80681	61,04575
215,92768	69,92306
216,04858	63,73971
216,16951	47,60794
216,29047	33,27083
216,41146	24,77451
216,53247	19,12001
216,65352	16,93812
216,77459	17,16919
216,89569	16,70035
217,01681	17,37136
217,13797	18,81794
217,25915	19,31619
217,38037	17,65422
217,50161	15,1974
217,62288	14,08289
217,74417	14,33807
217,8655	15,0649
217,98685	15,25693
218,10823	14,81617
218,22964	14,1297
218,35108	13,40467
218,47255	12,52223
218,59404	11,81873
218,71556	11,38141
218,83711	11,04969
218,95869	11,15447
219,0803	10,52498
219,20194	10,78338
219,3236	11,66841
219,44529	11,8665
219,56701	12,46785
219,68876	14,90122
219,81054	18,28874
219,93234	25,4701
220,05418	48,46582
220,17604	87,64412
220,29793	110,86301
220,41984	100,01041
220,54179	74,74079
220,66376	53,30198
220,78577	38,87884
220,9078	30,87818
221,02986	24,30592
221,15194	20,28978
221,27406	21,64043
221,3962	27,61048
221,51837	33,48601
221,64057	33,17946
221,7628	27,8981
221,88506	23,71581
222,00734	23,51249
222,12966	26,329
222,252	26,86637
222,37437	24,0454
222,49677	25,07144
222,61919	30,18921
222,74164	32,72536
222,86413	30,85283
222,98664	27,16038
223,10918	22,94037
223,23174	19,53095
223,35434	17,27823
223,47696	15,9464
223,59961	15,86122
223,72229	16,38203
223,845	16,87985
223,96774	17,67378
224,0905	17,553
224,2133	16,52483
224,33612	15,18972
224,45897	14,20114
224,58184	14,23223
224,70475	15,28132
224,82768	20,27422
224,95064	30,24012
225,07363	42,88187
225,19665	51,10483
225,3197	51,21168
225,44278	44,61354
225,56588	35,49966
225,68901	27,91783
225,81217	22,33826
225,93536	18,5498
226,05857	15,90327
226,18182	14,77167
226,30509	13,95409
226,42839	12,80496
226,55172	12,24545
226,67508	12,4443
226,79846	13,63138
226,92188	14,42407
227,04532	19,74691
227,16879	38,99978
227,29229	77,63995
227,41581	118,75296
227,53937	131,93207
227,66295	114,64265
227,78656	81,95346
227,9102	52,57439
228,03387	32,82375
228,15757	23,0885
228,28129	17,18323
228,40504	15,2268
228,52882	14,22403
228,65263	13,15795
228,77647	12,31323
228,90033	11,81745
229,02423	11,54039
229,14815	12,57724
229,2721	15,63654
229,39608	18,44668
229,52008	18,07358
229,64412	15,83643
229,76818	15,83146
229,89227	17,85057
230,01639	17,5486
230,14054	16,32529
230,26472	15,23807
230,38892	15,02576
230,51315	19,88888
230,63741	29,08644
230,7617	42,75629
230,88602	63,98902
231,01036	84,91516
231,13474	92,72588
231,25914	83,9202
231,38357	70,19646
231,50803	68,62013
231,63251	78,26691
231,75703	81,80885
231,88157	68,94113
232,00614	49,07948
232,13074	23,27727